681
507
864
975
8070
324
25
800
90
932
828
107
298
839
355
678
168
631
781
532
454
874
929
637
824
820
425
928
579
636
360
240
176
404
437
539
652
608
91
906
835
595
299
389
122
723
6451
689
776
48
721
752
445
600
743
387
67
697
586
137
378
414
3855
643
896
4277
118
705
729
788
6
165
293
4532
7964
509
708
760
766
8
1424
897
244
464
336
177
466
610
674
315
380
5043
131
7
288
620
310
697
315
367
447
466
124
179
804
92
6099
412
684
783
994
359
591
131
599
343
923
4
285
832
282
640
732
989
239
758
491
719
8844
564
572
345
447
401
85
310
81
787
651
361
6340
731
615
173
77
671
846
349
269
79
985
483
390
95
737
271
6424
314
754
8932
14
226
354
202
29
892
914
54
3411
534
416
3347
555
640
405
925
413
6591
469
640
206
125
789
104
809
391
205
528
872
311
159
3690
572
717
219
525
238
209
202
684
455
903
81
111
157
535
621
593
321
926
960
114
320
584
678
492
638
501
951
887
155
912
592
675
533
775
245
880
504
388
13
123
909
298
597
743
658
518
5628
255
861
316
162
890
962
5729
175
138
2346
265
188
787
801
220
552
393
782
873
179
901
738
676
671
1142
103
946
200
349
923
181
174
22
321
38
594
318
593
687
379
373
392
826
146
120
94
816
927
634
574
402
29
928
584
710
2232
887
2312
65
440
187
3
818
862
316
810
284
745
715
778
525
632
472
28
617
6610
142
1944
366
373
7013
613
576
554
818
302
115
537
930
961
220
789
658
193
550
298
531
161
187
299
56
700
469
505
5202
780
717
5227
7
8046
71
4619
872
823
2542
382
645
791
611
353
318
113
199
657
790
773
692
771
579
4921
451
456
490
44
522
567
4822
525
363
7525
817
172
837
263
306
791
73
314
181
229
188
503
70
432
292
4895
638
711
4511
898
173
268
545
181
736
320
677
136
497
419
640
23
2577
953
372
797
182
635
424
183
721
555
995
446
2147
647
875
860
880
341
195
414
993
20
352
332
851
2492
808
466
331
135
477
321
621
3091
450
216
971
252
927
537
396
577
751
975
2046
769
302
811
577
1414
227
640
350
856
540
301
863
28
219
490
993
690
420
963
206
637
744
11
292
719
966
924
665
484
36
222
528
2326
514
134
656
124
161
6189
992
212
19
596
597
646
426
582
197
975
1816
712
491
112
267
162
844
330
558
67
800
711
5205
415
7311
875
92
958
905
910
909
430
719
3981
829
215
264
446
748
942
1
880
184
822
864
827
54
2854
577
1000
539
695
915
91
359
167
387
407
960
98
281
464
287
276
3635
312
126
526
583
466
338
663
58
400
72
23
952
599
694
51
460
203
441
421
851
533
551
18
43
169
900
19
330
943
219
5626
736
7291
988
500
859
113
77
637
968
529
8233
361
697
776
752
622
178
754
475
989
262
735
422
300
450
8297
435
943
31
716
1037
989
688
614
432
734
5228
567
940
782
726
799
80
937
112
567
324
63
463
170
322
29
652
763
2347
682
744
264
90
7502
264
912
817
248
5181
146
6700
918
884
8
882
70
673
492
413
50
610
760
136
702
2378
308
1247
1707
655
334
299
573
230
564
981
639
657
21
710
766
602
728
678
753
696
597
190
662
900
140
76
8981
292
387
281
573
924
1578
122
815
223
8743
549
74
547
753
266
339
726
3659
429
965
508
344
47
217
775
961
754
54
706
685
812
4468
7632
557
832
439
367
139
987
126
5736
725
887
477
552
34
42
204
714
723
547
618
902
5585
484
3072
413
404
255
595
847
660
75
25
330
346
252
143
182
6172
4041
28
168
695
285
720
513
47
948
5929
87
641
203
524
362
552
767
8648
693
222
801
653
680
332
1
832
487
507
764
6927
644
776
519
824
239
616
992
327
388
903
662
493
294
143
22
311
96
733
374
6272
954
300
247
456
378
661
725
902
372
59
91
511
105
49
32
992
86
692
477
967
366
233
457
275
932
4812
778
155
599
267
217
949
1538
275
731
273
462
89
881
7462
427
519
357
880
168
295
899
521
441
968
287
17
873
551
733
285
2274
73
738
22
729
472
841
350
3831
327
145
515
970
207
867
838
965
14
1150
536
293
519
795
53
701
451
151
530
6966
7442
170
2461
755
768
232
796
878
8050
450
887
323
748
7682
561
1340
454
626
249
913
437
626
2606
3497
2354
394
15
288
709
894
951
332
772
532
395
908
431
502
433
616
8191
552
727
479
760
934
979
154
515
361
1621
935
857
543
480
964
36
696
103
104
167
772
443
617
7076
367
967
875
437
748
5246
83
180
712
365
318
958
699
313
149
360
178
32
230
955
916
512
403
985
976
606
905
280
10
478
893
208
309
7438
750
516
93
979
159
834
689
786
972
952
813
413
148
687
1682
229
511
23
864
439
610
103
461
589
586
262
922
626
771
5791
363
818
192
78
940
371
13
174
471
701
26
362
21
992
701
126
874
624
50
798
361
843
120
307
301
379
464
187
215
453
890
3
820
713
381
954
8785
165
163
321
311
770
913
879
995
894
948
936
668
797
301
374
603
674
863
972
122
294
23
117
649
547
143
547
1512
133
280
928
634
136
82
685
625
886
418
1550
677
793
956
759
33
5597
85
880
881
823
917
38
342
301
819
521
911
352
552
497
584
297
514
128
740
261
12
92
936
279
649
643
941
151
263
239
970
192
783
325
820
364
42
888
844
974
199
111
410
607
184
121
421
367
333
1
110
566
650
5607
672
245
374
272
493
467
795
777
394
512
860
895
49
486
87
352
895
211
277
76
826
118
252
145
173
651
495
995
654
82
183
933
784
8604
317
6165
6789
520
247
974
290
132
414
318
3883
218
296
456
653
202
874
670
444
221
17
572
630
326
126
327
788
939
4027
511
937
3322
766
237
459
313
434
707
680
2331
218
448
381
5503
776
86
228
36
149
137
340
670
940
900
125
740
666
702
2028
575
432
342
472
665
722
743
866
136
233
902
788
391
986
7137
7672
6485
125
786
838
378
25
3764
707
893
415
157
535
246
484
590
547
925
661
494
14
748
449
837
550
368
369
1471
946
252
568
857
901
378
602
572
660
183
56
522
523
579
994
351
520
429
332
937
965
227
527
323
154
569
953
402
993
8160
739
15
6
981
724
29
3862
470
835
834
6278
743
2945
531
360
23
113
309
208
393
50
37
203
862
60
579
758
150
141
174
2439
6531
506
998
872
8444
342
407
885
270
416
973
375
217
7809
355
759
7368
985
904
856
109
651
785
595
131
786
44
920
25
734
866
486
2543
983
613
5732
819
481
678
257
319
7783
698
29
64
288
622
8664
577
321
465
991
408
319
325
2
499
715
197
368
58
799
56
848
2382
911
776
915
997
5831
894
164
807
265
861
630
398
341
193
591
537
778
4657
1859
912
456
3202
341
478
403
690
128
279
7675
10
102
1134
559
696
1451
334
380
924
932
963
172
828
881
111
421
460
532
121
5028
543
612
693
176
984
206
369
987
337
581
370
622
356
426
935
962
8040
240
988
172
250
909
670
3719
762
6453
612
620
209
534
743
215
162
222
587
345
161
733
777
336
729
193
6214
82
315
753
296
548
962
397
698
17
375
729
996
20
487
466
190
433
220
582
943
535
449
443
253
8297
822
6392
221
178
184
6041
278
589
249
633
213
450
381
800
629
8
7927
518
399
978
187
162
97
496
345
204
197
867
44
545
277
792
654
696
999
902
638
395
524
2072
747
693
806
3291
571
224
214
907
969
89
216
505
937
583
853
742
995
334
91
104
817
774
516
164
317
385
142
306
669
305
408
254
549
2
489
535
550
694
1566
961
909
211
950
607
772
764
99
708
677
656
588
660
817
418
586
379
3577
429
779
710
346
345
956
442
956
395
444
736
491
150
726
465
383
924
95
833
602
508
665
468
169
861
793
810
87
439
561
828
127
75
889
134
326
47
830
116
720
650
943
779
457
625
259
612
439
382
217
959
889
581
4478
716
273
938
243
439
867
124
865
104
656
73
897
815
523
448
972
706
455
492
403
598
669
737
696
236
29
258
304
622
250
833
8952
2525
403
267
90
11
223
747
159
626
465
265
736
950
306
966
570
743
562
361
894
100
444
847
15
379
751
426
107
810
430
55
6410
507
339
562
264
703
596
183
386
852
258
503
6953
516
601
833
739
129
176
636
370
5485
1261
7680
132
942
304
537
511
221
578
854
74
347
54
2350
455
381
555
267
35
373
969
930
410
548
475
400
801
883
769
1000
2858
3499
651
4531
2277
608
85
915
663
649
982
431
392
154
4354
4672
806
765
408
669
912
613
579
912
237
188
396
406
970
778
289
436
997
695
569
770
123
52
866
459
696
1883
574
216
784
911
815
444
639
942
746
998
395
35
538
2932
27
431
260
943
60
624
435
436
912
369
287
591
744
997
296
774
302
598
772
352
962
578
873
224
212
12
522
203
896
1946
22
1935
2950
4372
296
71
351
280
163
726
750
701
974
214
761
1297
542
368
440
42
601
261
449
1756
24
860
789
712
377
281
3392
224
788
320
909
277
597
4305
328
509
477
952
803
666
605
650
896
4744
495
40
357
457
308
570
790
753
906
301
4223
276
810
7046
14
925
42
990
160
535
2526
960
898
595
733
113
496
849
77
541
89
8176
736
367
954
4308
382
836
747
501
523
392
795
406
794
32
475
4478
531
874
719
8386
102
897
104
734
903
629
281
782
662
196
5439
152
915
955
103
409
558
849
983
568
217
110
542
636
932
796
749
162
6126
320
760
326
112
48
469
192
503
356
836
70
119
4192
738
557
389
807
691
876
61
688
301
971
665
1380
208
4699
585
856
850
4243
966
393
816
957
87
118
869
4464
885
770
732
920
648
51
966
762
763
96
715
653
4432
977
916
18
4730
53
2190
634
268
6706
892
642
757
114
998
765
70
883
37
988
662
976
126
959
949
800
971
262
839
117
987
337
377
9
420
8511
697
424
6273
27
767
767
467
668
8718
433
5222
759
43
140
291
707
928
354
973
6944
341
1525
608
853
947
143
787
2945
354
94
274
919
450
702
147
802
601
714
483
856
902
4459
459
6091
2147
1882
257
346
396
577
615
956
94
1716
822
208
24
428
148
165
702
290
768
802
612
128
542
85
711
149
101
112
564
196
863
58
791
376
845
974
308
779
6808
991
255
516
96
3890
285
844
530
791
629
884
100
545
120
178
257
432
486
205
765
4022
434
803
749
401
815
1790
720
401
77
998
327
2329
277
7
406
686
609
708
21
550
431
560
664
2020
109
975
735
245
870
493
8139
855
987
720
8436
421
614
366
961
251
220
299
567
179
220
121
623
986
1582
496
326
8197
826
986
7394
111
445
362
451
927
448
672
302
777
243
663
746
734
70
699
748
658
487
655
478
397
233
437
665
868
977
972
83
285
64
364
930
1949
309
1000
986
679
758
694
1806
165
920
11
79
382
1552
270
90
370
476
7457
202
868
815
986
905
514
628
110
435
246
621
493
879
812
846
750
480
439
773
975
476
675
408
51
194
260
686
739
798
193
92
101
576
715
764
862
439
289
634
250
688
497
556
26
905
614
139
181
6593
283
425
954
564
153
216
479
501
644
811
5719
288
246
328
363
666
849
204
61
539
820
429
5445
535
623
930
933
674
673
401
311
317
667
520
210
551
904
488
327
53
886
616
441
137
869
331
34
538
2006
953
6766
3024
383
6127
553
891
935
870
537
6291
299
169
416
4073
957
133
969
447
5331
793
393
319
1227
896
65
78
8095
201
968
676
775
353
32
333
501
805
591
336
37
122
838
947
6467
330
877
543
612
329
43
5239
767
4825
815
908
787
719
997
247
351
566
4959
465
1954
767
302
171
142
355
852
169
483
377
80
510
699
705
1436
251
792
794
1604
510
930
981
527
174
554
453
310
1000
343
576
760
774
4005
367
1813
657
947
1
745
1000
7666
3920
173
3897
879
175
820
234
975
712
678
306
472
686
621
3722
237
152
994
916
140
307
7814
5193
466
508
713
764
151
322
5232
475
230
1501
208
803
101
668
517
695
6273
923
916
380
762
661
640
803
3662
476
945
676
855
604
705
456
529
23
825
596
756
17
816
335
166
808
351
635
521
774
463
675
195
201
991
997
200
694
731
594
405
293
2558
4593
277
441
598
7544
209
192
966
42
150
622
518
181
934
839
839
471
19
650
144
46
181
187
230
602
344
970
816
672
691
678
142
371
852
647
242
589
611
964
617
605
83
888
151
530
272
833
911
342
452
5841
6617
173
991
745
691
983
913
9
532
208
832
503
52
3669
679
925
311
857
392
7433
323
592
819
102
332
71
308
702
1187
86
113
440
175
31
128
412
740
177
543
988
563
537
619
224
473
744
814
632
800
234
22
131
4081
248
20
91
659
520
641
960
919
199
127
485
904
858
200
4865
105
476
628
881
304
671
661
850
372
348
756
473
1682
387
786
898
999
27
985
3963
816
621
572
841
683
66
313
37
479
218
621
462
635
937
328
725
585
901
768
497
100
430
624
4732
66
707
720
197
672
704
167
277
645
847
269
213
644
420
420
947
202
674
5785
247
782
761
673
572
622
466
268
635
611
5640
5683
908
473
65
75
191
705
103
768
362
740
931
398
879
228
567
6874
624
125
357
854
426
424
166
612
943
4949
942
740
595
926
717
318
29
6994
688
133
632
8621
8351
523
1
7726
986
936
3411
3373
980
11
907
788
3790
229
615
828
789
428
488
283
788
15
526
665
606
560
268
509
723
804
219
180
884
798
917
247
462
881
118
857
274
333
503
3788
36
268
489
677
172
2318
5508
173
724
397
724
129
947
741
873
5743
890
747
626
205
160
809
478
458
221
88
869
5675
280
687
600
5943
778
563
167
822
269
6508
204
123
776
996
511
62
258
576
200
589
245
878
675
839
51
655
27
2988
44
462
95
710
420
882
45
817
744
709
689
926
877
337
612
225
2
590
587
3099
7037
903
625
50
855
180
50
476
470
938
2918
969
939
765
728
674
774
874
738
790
1887
365
57
164
109
541
5373
145
6235
374
885
426
373
755
934
4787
9
325
969
714
871
816
163
891
1258
735
744
463
911
524
7871
989
844
749
228
598
333
707
152
545
976
877
410
588
2081
8625
770
438
242
2482
796
67
4977
492
5302
7434
1000
798
304
473
614
421
368
100
106
1253
716
440
766
389
545
2019
471
4356
602
413
755
91
587
160
52
983
162
175
919
37
639
815
6320
797
438
164
39
358
609
4917
82
785
303
421
28
726
7139
718
152
312
612
6834
156
97
252
956
713
430
157
906
188
863
420
39
752
758
307
784
299
963
87
94
58
678
703
763
453
386
732
322
794
230
364
159
303
6081
253
980
10
184
669
534
718
766
526
826
121
391
7175
57
335
15
222
553
877
824
158
538
442
654
429
523
17
407
654
963
451
7664
799
329
979
64
286
707
705
441
128
757
207
415
681
719
10
213
304
5350
748
966
231
248
2312
595
973
4390
945
760
836
687
917
454
934
140
864
111
350
730
185
548
690
8491
557
919
4178
4852
310
706
607
180
940
982
384
599
741
6045
158
342
96
409
745
513
1333
461
7891
734
85
757
652
10
278
83
846
233
55
734
463
926
125
955
340
894
399
199
149
701
662
959
509
239
452
335
837
630
965
34
138
229
238
115
192
583
296
671
148
682
259
911
398
978
706
549
181
636
937
823
77
103
333
579
189
365
850
739
630
428
585
113
289
890
211
655
40
553
297
534
613
11
73
381
3629
577
184
763
314
746
762
125
255
128
95
672
481
3323
993
576
296
958
807
573
143
349
455
694
944
85
249
326
292
78
861
262
852
811
500
4796
650
183
582
2856
1040
557
222
859
834
9
5968
457
3747
907
629
6440
115
526
6007
987
71
587
825
374
422
3
993
564
896
7745
607
535
124
778
443
282
6005
484
205
875
843
851
372
551
737
277
68
251
783
996
752
737
474
284
4993
457
6681
468
209
414
7474
559
462
995
160
649
521
894
388
3508
67
124
272
1257
88
878
827
157
721
222
264
358
802
284
712
183
215
319
129
458
348
128
81
923
713
8760
129
650
8287
714
140
188
7333
853
237
458
469
189
184
758
971
328
597
376
648
848
402
41
4386
135
427
781
120
303
985
462
134
871
2996
973
473
4275
568
255
843
872
494
619
652
372
4013
2297
347
869
127
723
949
66
498
7364
826
53
274
939
898
300
492
168
385
387
863
233
4165
832
39
946
320
54
143
62
560
677
54
335
153
510
695
4807
266
566
931
673
510
859
420
104
557
648
5264
4716
274
116
806
4554
2694
516
549
119
972
517
7
4892
268
276
2089
831
119
722
796
326
455
407
118
129
919
107
170
5682
188
3272
997
4761
786
328
324
927
271
760
882
840
48
438
1115
545
890
36
948
8841
712
742
108
221
901
7744
133
622
591
569
333
393
365
819
63
83
157
746
991
319
981
245
240
67
8052
691
693
587
133
445
845
785
30
537
412
941
79
817
712
524
234
133
51
644
775
558
173
164
312
805
672
2760
709
389
739
1947
105
932
77
548
327
664
23
35
571
1818
150
384
164
1794
876
38
550
494
475
865
250
336
886
931
491
467
507
20
203
592
5465
585
375
430
983
693
123
575
1464
42
355
702
423
152
863
375
569
733
313
352
156
848
987
45
7391
697
63
462
500
575
468
818
2119
227
517
187
606
122
960
661
59
29
837
323
3
984
639
3672
960
836
260
639
567
398
532
611
193
206
205
750
934
516
825
541
435
898
629
743
416
338
1
146
30
85
9
565
252
527
964
967
42
311
397
8348
2336
692
638
970
363
534
165
532
286
372
825
904
67
392
722
80
568
667
594
791
384
227
636
475
580
453
102
73
646
642
883
546
101
505
918
806
7093
870
470
265
569
785
155
2111
515
73
506
274
364
166
916
20
550
411
619
108
1307
293
198
8138
359
3366
480
234
452
784
870
728
995
721
40
5
633
804
593
266
796
386
476
565
201
868
40
155
652
566
117
741
508
559
578
7147
2791
952
949
449
135
263
713
228
990
620
454
93
4
929
575
373
989
908
800
229
538
649
171
158
922
6809
857
406
32
446
953
196
877
129
903
2983
230
43
667
239
538
272
642
621
4543
361
3474
248
568
852
284
218
1090
576
8167
379
334
160
868
3345
916
272
917
294
615
119
452
6637
295
322
371
992
485
189
656
1842
7348
7485
946
968
584
81
33
472
975
316
325
371
76
818
303
6296
6397
755
756
175
88
74
43
773
778
133
341
346
291
113
165
920
370
555
764
499
57
937
977
4025
739
401
176
390
457
93
7159
316
884
729
554
659
3935
53
612
697
12
473
384
3221
790
1258
531
5048
166
338
343
582
605
165
986
7899
559
592
377
155
154
336
818
835
911
1976
383
265
873
560
506
716
4228
127
124
95
72
290
709
820
309
699
241
573
687
841
3659
51
994
526
7698
732
278
914
540
253
746
995
696
504
625
884
773
315
198
404
533
977
840
364
110
322
603
959
786
703
125
351
996
204
709
654
150
24
957
261
598
843
619
926
817
213
449
471
899
311
216
474
642
700
499
69
279
83
360
885
135
955
670
159
837
714
69
588
603
156
541
219
821
4081
590
921
488
941
429
677
539
608
1262
718
190
781
34
499
930
688
154
435
189
5458
153
4574
630
929
689
988
805
349
494
370
1482
8016
353
177
619
372
589
861
361
597
663
691
568
921
997
61
6509
4275
2891
735
1881
6919
946
806
950
283
433
91
628
687
380
325
478
443
966
414
859
464
444
944
1676
282
677
600
7846
978
1016
595
991
375
860
291
717
730
278
862
363
489
4895
538
127
949
1944
245
9000
811
756
2237
282
539
789
517
605
979
96
632
111
486
383
253
915
162
358
955
681
441
662
490
422
189
270
845
302
668
497
559
2437
603
124
544
349
784
574
573
63
1711
625
3244
507
238
776
604
627
8220
963
445
591
449
387
232
169
1633
366
4957
383
157
219
1421
495
46
441
404
8266
5551
953
1714
228
610
773
544
729
130
707
741
211
33
571
692
394
347
562
765
742
240
777
71
1789
6736
244
3596
349
90
680
252
883
194
744
120
895
177
167
153
815
814
493
955
879
4148
409
805
580
900
638
385
651
161
651
806
498
430
58
428
217
72
3910
944
249
426
869
6123
105
722
709
705
103
752
4448
204
988
376
751
405
573
3416
573
544
830
172
649
611
830
768
687
233
859
191
663
515
631
972
576
623
956
594
974
100
280
4869
8682
964
482
163
144
87
763
477
859
313
713
600
698
917
777
699
2436
483
383
684
2190
950
406
885
318
721
173
664
547
562
942
537
279
16
513
22
156
538
206
2070
91
890
896
901
417
370
348
480
997
351
149
59
485
107
628
807
8049
505
655
44
913
959
19
442
892
1626
307
134
107
5127
98
814
145
524
851
373
479
603
610
126
919
332
444
618
100
602
758
714
607
973
6435
811
990
504
856
800
730
673
299
180
824
12
742
920
509
620
531
3658
765
956
54
159
84
724
2479
317
306
353
770
4809
591
739
823
808
451
192
487
530
336
954
641
457
770
5
582
315
5694
137
210
664
4670
7551
962
998
32
14
933
782
688
934
8048
644
975
92
396
891
47
632
62
236
705
943
18
189
852
161
183
302
496
452
242
104
324
387
510
57
606
585
648
734
508
946
657
3471
8652
77
178
371
287
780
69
366
978
580
131
519
219
706
269
637
493
186
711
100
435
839
132
618
227
133
775
644
397
481
459
707
982
291
98
227
286
2875
520
79
780
984
599
385
330
303
273
720
658
3888
211
412
329
778
668
523
53
169
231
102
996
935
889
641
282
106
553
256
126
5
590
3386
346
540
488
5344
385
82
3021
347
320
535
7123
330
3401
427
53
247
7068
757
551
794
486
4515
139
148
660
116
306
115
1811
865
496
533
457
943
68
184
606
6436
163
1059
21
551
33
7270
619
633
546
548
569
3705
492
270
457
347
978
190
558
367
554
10
25
680
755
6
558
310
817
726
924
203
161
649
286
295
4987
551
471
813
500
674
362
834
301
899
872
53
734
2125
445
334
7632
983
700
517
8111
451
256
259
4849
147
945
240
6952
97
8041
811
893
939
750
912
901
3
877
8428
825
769
633
132
6368
329
617
5685
4682
721
3388
261
605
119
81
294
473
7068
427
550
5893
951
417
6778
354
43
569
548
635
13
874
606
3979
711
390
7348
357
749
177
4859
212
459
410
816
666
107
232
692
659
6827
928
902
868
50
564
132
574
843
745
6018
121
881
6423
632
289
735
239
746
745
221
362
793
795
843
660
698
76
730
903
721
39
5284
339
1166
722
333
292
690
464
640
315
147
716
533
7504
700
733
22
213
546
7197
270
969
489
4
510
716
834
803
388
117
693
223
795
2266
716
484
71
780
686
259
977
1698
806
213
897
691
225
923
357
379
7685
434
892
5391
262
4005
749
536
307
397
704
231
153
805
681
704
270
795
3822
963
756
492
845
358
896
284
901
44
925
659
282
3218
359
659
147
763
683
276
415
809
715
581
297
431
11
497
722
4905
168
283
254
766
69
801
949
941
230
680
400
818
567
275
686
26
276
486
664
617
290
4298
856
994
7817
74
675
1128
2231
400
3983
86
613
377
224
8023
361
491
958
494
33
6927
706
279
639
55
840
5803
858
777
407
510
6268
97
556
13
868
947
780
249
963
555
718
821
303
602
788
1005
727
319
173
442
102
745
7026
635
518
745
683
1221
89
789
207
114
365
52
269
172
5398
897
580
940
635
867
95
279
782
941
549
940
326
757
256
811
26
590
588
551
123
962
498
198
644
626
857
796
454
842
14
141
255
55
328
590
4285
357
209
432
480
738
642
190
809
793
907
511
64
892
520
665
310
170
959
129
491
451
70
594
545
728
957
523
7576
339
565
493
784
403
605
522
4588
705
295
862
15
512
683
114
1950
595
261
84
13
256
117
478
640
27
72
901
994
651
208
5639
667
40
100
159
4163
130
767
625
7280
196
657
560
340
356
674
387
405
793
145
998
144
648
312
340
949
266
857
828
436
990
845
574
4259
663
230
185
888
683
842
364
615
88
840
90
463
977
725
274
320
736
493
106
458
888
33
5975
981
505
527
430
552
641
511
867
3624
110
828
20
875
881
786
266
904
703
419
5051
190
979
680
269
404
246
10
266
614
26
4854
473
614
41
523
313
727
200
831
8052
1994
38
31
948
842
7816
467
356
586
904
976
305
291
32
86
404
229
613
3939
390
836
806
588
638
289
241
925
2543
948
747
460
8
906
536
283
842
10
797
103
183
71
469
870
58
718
3914
857
715
464
287
574
555
2711
97
256
765
235
648
525
961
601
762
8893
727
713
304
557
586
651
74
325
241
291
207
240
228
789
501
899
950
218
23
458
701
121
359
194
540
499
4591
987
724
241
991
8638
295
770
514
65
891
544
237
456
769
348
698
2825
878
336
434
238
840
6425
749
782
238
704
214
2486
869
99
732
914
475
6085
1914
216
434
374
413
892
989
279
575
284
6857
190
946
863
4
829
548
110
429
138
968
475
751
796
1891
684
405
263
197
286
3448
557
175
47
631
699
935
82
887
112
922
753
260
7
846
630
3452
8546
752
469
990
319
6787
1753
976
645
261
950
6239
289
280
118
441
723
201
572
263
802
533
871
620
5457
210
260
4
56
989
259
533
586
251
773
147
745
551
596
59
679
934
773
532
561
412
45
499
287
390
649
761
96
30
490
689
458
585
260
486
917
75
498
243
566
610
194
372
30
904
676
601
867
52
777
546
352
590
548
429
2770
813
685
131
5354
945
810
973
944
226
382
708
656
509
309
6125
733
27
143
61
8748
530
161
470
184
623
501
254
403
244
242
652
798
849
202
205
477
5216
390
108
986
858
41
654
749
289
614
930
2245
809
661
815
741
500
212
744
704
758
883
888
30
3485
327
344
3958
150
850
98
541
924
399
114
259
57
720
780
976
837
887
791
558
18
785
7451
135
627
30
915
421
186
814
97
783
480
4315
692
218
627
593
373
708
873
772
893
895
228
676
127
446
667
675
354
258
376
72
885
902
331
308
235
694
500
443
288
34
394
4446
13
8742
450
146
254
7783
220
338
516
440
738
938
56
787
252
958
435
900
3694
6959
979
484
236
241
424
884
226
406
410
467
649
68
70
87
7561
243
610
556
608
956
848
746
229
451
163
980
132
37
4806
303
661
645
673
728
542
636
207
966
697
661
2700
599
375
380
639
348
818
5223
518
110
345
5169
229
276
658
570
378
865
258
389
536
563
953
76
396
307
783
856
363
210
199
68
3166
804
74
1104
861
766
829
573
744
323
998
120
685
264
458
223
135
378
145
41
398
584
282
96
541
825
549
413
2187
980
663
162
842
553
503
11
575
894
348
238
878
411
320
697
831
439
218
387
4640
781
396
725
140
1927
555
617
424
28
756
236
596
942
418
505
329
465
412
956
188
147
531
646
48
563
596
401
964
174
8080
967
209
267
559
251
891
797
5352
841
331
692
891
402
48
880
326
505
7953
5479
684
6613
2991
134
623
245
483
838
893
99
633
859
518
482
671
185
988
394
368
968
952
789
12
82
150
8141
93
499
36
631
934
7782
793
806
364
3729
3830
181
356
436
312
7160
199
925
685
303
324
1553
871
641
164
39
787
899
922
1156
959
603
291
40
1539
600
682
989
23
3
889
395
604
16
453
971
684
5384
682
4040
783
16
115
333
977
497
849
179
843
27
530
7312
433
761
430
3747
19
502
888
570
936
514
967
494
647
379
479
602
888
240
469
64
432
561
746
6808
598
730
906
312
385
45
635
4657
914
403
500
969
92
657
393
675
829
203
615
6322
517
936
873
69
166
970
643
321
362
944
314
3757
8778
186
710
156
8394
559
830
45
142
800
617
948
313
865
604
753
6081
564
602
184
2815
560
28
268
685
46
237
825
798
704
259
269
879
80
62
5080
138
123
139
982
295
396
905
443
6880
244
6
32
990
962
252
804
942
6
418
292
190
736
98
8815
408
416
157
922
578
471
886
69
62
235
36
6451
335
1494
222
126
415
392
203
3576
554
485
198
1081
110
582
445
827
461
260
392
6262
249
886
4293
3852
669
192
599
382
555
1510
305
803
389
589
6907
214
483
731
7521
844
179
272
423
718
814
920
4373
4459
996
983
8486
636
55
197
452
3020
933
59
100
584
278
391
529
822
391
519
504
2933
2444
714
70
751
390
236
356
618
282
5754
130
317
617
757
792
593
7247
583
30
452
7839
281
627
944
894
128
996
461
849
936
108
65
11
6379
459
404
6682
344
314
176
310
759
862
916
769
407
147
200
478
855
65
292
287
78
175
991
132
316
581
63
21
941
781
525
419
186
332
758
646
831
813
761
971
2
218
893
344
177
747
793
808
662
552
6505
417
592
106
4063
216
958
5160
631
723
931
391
564
210
710
582
747
633
255
765
56
455
26
704
653
8088
510
8490
452
223
331
926
144
681
779
587
848
134
223
913
952
839
754
533
418
305
321
2819
249
46
772
463
578
105
685
3681
338
764
5745
521
810
162
2852
813
114
754
553
7695
26
858
4645
892
11
639
481
251
5550
82
954
177
738
226
518
509
502
102
651
465
335
50
588
431
807
398
422
120
463
922
585
148
580
94
614
1022
245
281
4786
546
64
7412
790
708
8436
348
769
98
843
232
25
582
272
5087
12
518
753
603
6401
93
295
681
958
679
6053
6449
3249
779
908
409
7864
892
445
246
412
438
373
256
556
413
655
644
507
888
57
118
609
3330
592
693
646
340
171
126
777
847
3133
365
4469
414
76
215
265
759
2534
752
373
244
917
247
186
637
86
142
174
725
411
54
508
2259
181
717
729
139
220
864
338
613
234
825
158
893
814
628
298
528
97
571
616
454
73
470
681
801
502
691
263
482
870
418
809
637
2761
466
177
196
670
434
801
69
1940
170
5869
109
434
276
565
870
955
334
660
124
668
889
366
928
452
791
880
735
380
141
741
237
370
187
448
59
343
350
837
45
906
6750
543
52
89
831
478
423
691
193
308
303
913
932
336
993
558
413
685
35
256
710
267
385
343
549
16
458
639
95
954
995
158
107
427
485
937
553
864
182
468
935
537
394
122
263
836
799
860
71
947
788
484
453
3354
75
198
409
908
506
581
8089
521
659
753
562
857
768
200
703
439
359
921
323
876
324
407
875
295
627
886
637
395
402
718
957
7212
70
5321
927
395
882
72
685
385
196
979
342
1183
902
389
592
485
854
81
889
140
112
497
447
618
195
2943
7075
576
706
914
909
557
974
676
454
495
812
335
338
447
77
6032
200
6889
532
52
952
160
771
6
323
189
757
170
1000
4025
836
831
687
853
621
49
833
68
5564
848
585
599
666
851
938
419
723
853
360
8571
376
1930
624
136
442
792
311
106
890
331
243
272
937
424
725
923
306
349
131
698
250
4238
840
229
619
224
915
586
468
5736
512
51
456
146
895
914
449
750
346
116
414
236
264
783
503
482
341
80
984
8354
8469
683
254
847
470
3264
425
677
683
823
234
676
362
476
75
866
135
393
605
812
156
358
742
63
107
446
84
4925
215
810
191
350
368
378
342
801
275
314
43
724
598
477
534
175
123
47
5867
989
611
134
2147
150
583
538
7052
3264
9
868
376
504
167
981
5325
380
723
650
524
4831
21
74
121
927
16
540
151
2
662
698
784
419
447
990
240
600
515
49
8757
808
119
985
643
99
207
482
21
248
805
359
854
830
829
808
621
802
328
305
482
106
495
2261
4
539
395
193
506
4946
384
414
550
809
588
2337
697
534
290
28
782
206
504
202
542
31
636
830
335
778
400
450
168
894
490
810
899
137
136
928
893
990
30
105
170
259
108
407
816
474
531
618
764
226
882
203
641
594
459
895
992
960
235
1958
771
853
241
3215
849
513
74
6996
3180
789
5
616
388
8564
539
195
130
4478
345
516
998
62
313
352
549
495
234
353
864
972
86
4
89
309
967
577
31
631
63
811
367
438
873
180
84
904
507
619
868
919
47
571
7706
442
872
830
10
497
948
30
484
93
7
250
609
835
655
436
271
329
864
474
420
136
517
929
3829
768
7
383
17
226
392
630
897
340
832
771
790
347
85
253
480
925
257
3305
120
325
961
377
706
3189
363
752
568
130
99
854
485
8968
919
352
79
997
168
905
842
152
57
568
186
974
698
895
717
912
273
171
827
438
842
401
4563
689
358
701
60
6390
464
773
575
7384
826
823
669
7947
107
628
88
283
945
901
515
21
472
631
304
384
443
704
155
388
626
818
676
8323
547
460
67
584
4229
448
80
561
499
982
136
980
529
938
541
849
310
4627
378
653
4230
529
955
711
77
542
3893
628
887
860
8310
253
177
7097
455
289
863
80
247
522
547
647
204
242
805
47
638
786
517
24
274
880
330
841
851
541
433
832
48
490
837
156
968
61
853
780
578
212
56
39
967
106
116
142
761
368
166
6
689
474
516
656
921
878
1058
235
952
379
8519
275
914
411
963
750
501
417
374
64
223
2941
783
711
434
536
514
225
652
623
579
461
550
599
317
735
286
438
153
216
399
999
325
167
785
198
882
615
471
897
858
2982
690
757
158
646
8553
115
900
167
358
425
578
417
741
657
730
281
101
448
318
951
109
479
17
46
2
592
5
667
2118
931
923
876
804
525
248
860
779
754
68
666
567
300
498
4953
191
201
1128
689
988
462
674
732
289
813
610
913
333
609
131
487
723
145
780
985
845
615
451
211
386
949
561
463
724
151
171
425
495
384
802
976
632
772
498
4706
411
933
145
596
360
2658
343
650
478
161
134
165
965
297
935
679
782
37
391
580
978
755
46
924
655
846
21
565
193
615
491
45
472
812
731
224
386
6844
953
715
434
2600
89
8545
726
58
973
35
92
473
496
790
366
350
814
593
410
210
735
95
844
287
319
312
327
543
3729
386
590
907
304
6137
634
397
299
805
408
659
55
3315
973
5121
698
271
629
211
799
60
731
890
4242
152
671
866
8445
7510
60
771
827
345
36
961
391
855
566
2220
297
600
315
488
425
694
781
5499
546
892
625
48
278
923
160
687
994
487
148
365
265
4963
915
885
141
511
613
725
262
179
465
921
38
684
727
431
474
406
498
153
301
80
33
590
856
261
769
878
61
238
804
4529
555
381
13
288
1406
396
352
1569
936
634
653
871
652
1669
268
137
318
585
55
520
638
474
939
139
921
3164
796
604
231
3452
528
950
306
204
90
282
955
642
898
984
18
425
35
992
388
430
433
524
405
355
294
209
862
787
356
797
756
212
117
256
708
78
866
400
948
88
355
609
3
376
494
6734
910
368
708
853
309
486
428
45
846
508
3635
228
959
936
108
675
519
679
645
586
50
514
563
3340
769
3539
324
842
809
514
165
8
760
813
141
6204
285
969
302
496
2923
874
5295
721
662
891
930
254
353
34
819
881
932
380
668
636
66
786
378
747
749
40
357
384
980
350
812
682
194
99
171
398
137
12
1227
49
246
275
856
680
354
784
867
417
7471
570
410
571
93
283
3123
554
575
1144
39
7782
566
290
274
347
774
492
513
424
930
600
593
998
887
940
428
607
838
867
777
450
225
288
999
298
153
46
8642
511
787
776
215
42
474
906
663
827
563
182
1219
388
2364
640
178
904
663
287
965
6210
543
909
161
171
174
528
391
15
235
810
280
812
513
60
417
386
825
168
403
839
768
271
528
293
319
700
389
422
179
591
153
571
316
415
191
565
6845
835
309
125
6533
841
368
703
344
667
905
492
566
328
438
670
359
630
7
933
476
83
523
8
8518
979
711
844
7840
648
1985
409
293
4
469
364
232
93
18
255
521
732
217
193
792
759
41
624
148
759
796
324
880
546
847
195
238
755
7536
530
742
690
454
1994
925
476
386
614
981
444
873
60
2061
186
116
208
665
119
231
145
6334
297
399
702
821
460
882
682
487
56
104
6411
768
2137
66
546
556
360
848
8274
85
459
918
4263
149
49
549
419
205
8595
625
836
6295
129
533
62
979
960
3222
235
437
553
322
130
500
780
441
739
6339
821
185
774
353
139
971
194
348
990
8059
101
483
858
76
5
6510
195
243
643
115
646
35
114
622
171
176
151
770
977
131
727
914
938
822
344
254
6671
795
616
142
512
448
700
652
38
560
78
275
337
535
313
5284
279
45
286
305
761
727
941
369
454
416
147
105
231
827
455
150
437
999
209
719
710
16
215
371
44
673
411
336
603
907
980
302
13
741
366
34
4492
895
962
146
345
900
951
984
822
464
134
564
360
751
7756
24
722
147
218
271
468
68
6688
262
124
461
185
814
800
219
819
684
3107
658
219
310
1199
3231
785
604
836
683
931
455
717
653
337
613
822
86
981
935
980
552
877
886
257
496
109
563
436
271
847
267
548
251
300
799
195
43
190
617
717
172
261
41
69
747
895
365
355
540
802
927
157
377
598
211
910
757
938
912
19
234
920
6970
659
416
870
515
521
562
144
626
910
595
163
644
158
467
779
435
658
468
1663
25
364
383
625
583
7899
598
6082
209
38
884
166
6484
419
127
949
226
6766
248
6775
544
7148
6501
266
482
817
260
446
5147
751
672
910
911
274
449
794
740
4992
8976
201
276
891
1058
527
8393
906
7307
112
1437
896
4968
763
243
267
298
144
235
807
412
460
965
947
809
4464
973
561
314
819
546
382
297
824
409
415
19
638
505
301
111
984
616
46
61
504
245
959
737
674
424
536
164
440
761
6720
481
835
918
627
288
12
795
918
1253
8064
854
300
270
8262
78
12
461
1857
216
498
931
350
876
239
182
57
35
933
225
237
236
671
233
84
321
3671
31
205
460
458
483
48
667
731
2644
838
574
512
76
2732
609
620
620
686
945
198
965
833
860
967
790
447
864
823
669
120
196
684
440
275
152
362
816
642
822
488
730
291
2739
879
664
140
541
314
974
8886
737
140
509
642
526
207
832
490
250
824
727
112
934
808
423
6073
87
951
678
883
736
335
369
1330
909
394
508
978
2500
726
732
339
653
350
419
346
767
417
888
2047
346
536
479
2472
465
72
562
211
869
357
553
81
3392
357
673
344
620
6539
6062
762
693
122
423
889
751
456
468
67
928
579
941
606
502
756
250
425
889
262
50
460
869
163
155
26
921
628
605
31
293
7243
382
54
865
185
695
113
919
169
596
559
327
808
719
359
154
339
916
710
296
944
648
61
824
993
182
6141
456
594
149
7012
688
41
790
978
1084
411
226
695
489
116
94
386
89
802
728
122
296
8520
794
3409
8003
1584
785
938
561
673
622
16
22
118
606
730
264
696
771
951
589
268
1287
412
1217
513
34
432
899
986
125
109
877
141
734
841
721
752
719
281
4636
970
74
440
656
580
32
491
994
191
1375
713
27
128
758
540
251
823
957
67
231
862
840
265
354
60
542
4441
905
524
178
540
8705
108
929
1535
544
154
369
73
75
499
755
999
570
812
278
46
214
571
570
463
568
31
7037
51
18
581
93
926
650
276
833
876
108
982
875
337
2827
354
804
253
194
421
314
284
49
502
531
24
702
3890
283
720
972
632
667
355
459
146
996
18
853
431
415
530
927
14
627
106
6064
833
185
672
2276
168
285
202
971
6028
704
294
374
506
278
2014
798
114
57
5426
1564
767
835
876
223
394
556
402
2290
369
234
354
444
1383
820
1057
660
631
770
957
858
4553
566
597
180
294
707
498
89
449
536
709
669
658
759
3
460
448
477
827
682
798
241
507
624
419
9
261
532
821
169
1476
748
737
953
426
494
176
992
932
583
539
830
995
1541
766
3400
349
374
351
886
801
8869
116
813
390
528
554
994
4555
307
6653
65
83
87
428
565
579
255
326
135
376
819
572
982
116
5
792
844
75
221
943
47
829
8386
59
175
353
865
813
2498
2911
848
966
9
958
294
619
19
724
422
7725
867
866
8827
281
191
722
384
633
750
342
643
305
3
409
608
987
228
2958
547
472
300
871
149
728
794
5877
5781
606
377
957
658
703
317
406
586
5
470
101
987
527
695
13
524
20
401
33
214
78
169
506
918
728
596
820
102
5083
918
35
275
432
708
305
293
122
7335
893
3770
587
657
97
292
627
506
828
398
964
759
390
656
891
772
519
875
926
381
369
400
929
502
96
703
383
971
929
244
4752
834
20
907
158
363
156
7409
666
6784
948
502
129
848
17
24
767
976
484
84
528
90
852
821
699
581
552
751
580
343
905
273
185
749
1001
742
776
608
199
270
52
695
166
705
504
337
422
834
149
675
411
899
278
155
232
27
277
324
828
5320
865
958
257
664
700
347
194
616
139
5105
762
156
7412
8460
742
508
6155
212
968
271
946
720
347
900
703
716
692
318
410
521
453
760
91
405
573
607
911
544
101
8
3461
944
851
488
242
315
171
435
754
186
375
98
657
191
7828
629
968
258
861
393
604
343
213
803
337
587
226
805
427
852
940
365
40
380
309
411
519
259
722
570
273
736
654
38
712
874
423
445
3890
297
242
14
164
269
308
854
495
654
826
645
512
835
574
846
688
197
180
38
634
312
262
16
73
2526
5405
977
576
2079
397
1594
580
670
559
711
714
741
7830
2213
265
562
764
954
669
648
797
529
870
578
127
839
545
861
668
924
428
506
680
99
852
300
5722
315
298
931
970
72
479
3218
534
358
8310
446
936
743
829
316
182
670
872
829
63
339
263
191
2918
300
201
493
676
273
341
600
465
8648
130
690
130
119
334
188
65
701
271
43
55
395
868
850
325
962
3480
797
44
913
3619
538
922
246
339
611
81
558
204
514
583
858
560
753
258
542
588
334
647
845
954
945
44
186
348
683
920
672
51
740
775
7104
133
7919
155
76
903
433
71
141
15
594
591
554
939
527
660
6689
82
529
340
198
851
910
99
323
787
513
188
7050
765
197
443
6177
349
141
402
332
88
691
4625
799
151
871
513
681
896
641
635
123
637
604
79
9
7339
1423
376
571
694
953
490
917
623
345
112
429
66
58
293
366
808
645
769
66
738
371
453
231
828
92
5
356
446
7721
14
7959
933
3950
360
666
812
834
682
197
832
975
351
1
160
863
6990
222
3465
207
225
922
761
471
843
750
382
502
7781
339
7828
862
81
4230
915
351
572
8148
1124
724
520
117
2243
174
520
236
522
481
855
461
1987
910
143
693
399
97
241
728
461
370
963
890
819
8476
321
984
3527
908
603
643
244
6719
92
773
881
437
2216
699
142
715
985
2072
811
7
230
754
210
807
84
385
771
143
240
176
399
6269
207
519
528
7255
858
847
594
3804
101
567
213
115
785
316
928
1841
503
570
2224
536
291
237
277
942
850
628
172
885
935
469
422
887
910
417
792
981
688
611
898
467
664
6502
28
980
389
445
581
525
401
737
180
2295
637
423
31
266
416
748
592
123
999
866
835
587
94
1000
94
297
453
438
718
4591
8235
859
916
34
993
426
221
840
192
248
320
838
420
121
323
791
960
837
212
3261
488
964
250
764
762
269
501
883
424
601
518
331
474
279
64
3656
62
28
950
996
680
358
803
969
556
488
108
307
59
7660
876
4601
668
307
1
72
185
664
467
253
334
609
1000
565
831
267
670
774
607
98
700
296
249
515
656
879
157
729
588
485
850
466
974
174
774
239
940
686
543
41
544
623
53
189
231
692
427
264
624
803
624
6803
221
187
8599
522
510
733
527
322
908
66
3428
821
618
569
447
254
779
844
119
694
743
88
409
807
6791
283
654
545
677
248
105
505
480
645
526
483
477
329
163
993
98
886
629
914
470
671
79
489
4434
732
8425
280
436
90
525
869
39
305
647
210
60
75
877
235
945
79
2398
1
645
754
426
882
970
418
148
735
39
201
509
578
408
957
431
78
641
388
709
794
257
781
558
906
489
144
472
436
6925
311
242
633
503
99
329
381
897
398
522
117
530
3363
486
159
232
470
883
781
69
41
883
775
616
16
37
443
167
763
206
515
574
80
343
246
95
273
939
448
399
529
831
83
405
775
427
740
4047
212
176
7298
68
713
396
1347
266
608
408
875
220
878
182
79
7541
59
8583
4168
110
6027
225
127
135
766
840
49
109
647
178
824
3692
437
671
62
634
918
84
872
406
332
851
399
589
117
597
187
679
634
771
15
444
646
286
462
481
215
8581
196
512
1944
659
700
2858
884
584
922
569
642
423
138
132
22
494
418
144
232
756
961
151
179
601
166
793
607
244
830
17
984
468
531
823
105
195
442
3608
556
834
938
929
294
507
377
48
213
154
643
965
280
214
372
8
978
897
699
317
898
952
206
202
496
706
491
220
2228
225
961
400
210
299
342
132
341
874
144
224
689
601
630
5507
522
845
6554
1835
24
2056
629
824
666
847
37
679
865
312
2702
903
542
138
631
6747
1327
138
982
739
141
738
64
560
8794
371
8546
601
233
330
425
338
201
25
501
539
802
633
944
403
428
284
6
329
136
584
872
475
647
702
557
304
794
217
942
879
748
902
727
983
544
820
405
504
762
829
178
42
139
725
976
5058
408
861
643
4456
939
7024
623
1295
772
154
159
913
791
138
779
205
795
909
198
436
512
841
257
170
730
340
5209
182
109
243
884
214
593
338
495
4349
833
1186
525
393
146
375
882
415
701
346
946
686
118
2084
718
148
939
929
610
485
196
850
63
8117
715
972
422
855
871
61
609
331
214
394
618
253
731
284
690
222
556
2322
827
529
227
369
798
500
295
726
103
158
801
137
55
102
113
480
195
322
233
260
172
947
1177
330
423
111
447
489
194
792
2889
526
988
246
481
298
479
437
746
242
985
208
737
5946
442
597
831
402
575
225
7468
227
740
821
932
19
900
433
418
227
5609
5113
400
4434
908
605
224
414
379
2832
951
232
106
4011
681
714
356
344
363
288
733
471
322
855
427
272
593
375
842
490
841
241
845
855
964
258
3489
871
924
236
52
731
6992
397
577
189
679
258
137
885
206
88
8658
854
2
115
999
104
170
18
712
482
6116
298
33
6066
482
290
5154
627
889
866
608
340
696
775
1552
826
792
582
111
179
331
251
918
192
917
838
618
370
306
292
899
8
24
481
577
907
243
799
29
2615
991
620
859
247
850
2
249
950
907
421
367
183
290
290
130
951
646
1719
58
999
254
316
308
876
1597
517
416
655
450
440
910
933
920
402
964
540
341
238
561
527
807
941
65
709
96
273
716
2
5570
983
257
199
3534
353
25
308
381
244
36
84
921
317
563
690
921
632
967
653
328
146
94
121
826
442
464
200
982
361
661
945
717
68
846
742
337
404
554
371
7327
804
665
285
814
534
49
489
647
217
392
152
487
682
1799
1495
926
446
543
270
660
783
286
626
8934
410
407
20
6
138
563
755
838
199
526
583
799
467
404
898
2123
854
565
878
160
56
285
821
26
114
846
263
40
678
355
4707
797
239
781
763
487
860
589
931
581
686
562
86
604
4
903
849
1176
66
923
432
611
4831
6314
223
788
729
992
927
7432
784
256
6379
